0.000000000000000000e+00,0.000000000000000000e+00
1.000000000000000000e+00,2.501000000000000000e+03
2.000000000000000000e+00,5.002000000000000000e+03
3.000000000000000000e+00,7.503000000000000000e+03
4.000000000000000000e+00,1.000400000000000000e+04
5.000000000000000000e+00,1.250500000000000000e+04
6.000000000000000000e+00,1.500600000000000000e+04
7.000000000000000000e+00,1.750700000000000000e+04
8.000000000000000000e+00,2.000800000000000000e+04
9.000000000000000000e+00,2.250900000000000000e+04
1.000000000000000000e+01,2.501000000000000000e+04
1.100000000000000000e+01,2.751100000000000000e+04
1.200000000000000000e+01,3.001200000000000000e+04
1.300000000000000000e+01,3.251300000000000000e+04
1.400000000000000000e+01,3.501400000000000000e+04
1.500000000000000000e+01,3.751500000000000000e+04
1.600000000000000000e+01,4.001600000000000000e+04
1.700000000000000000e+01,4.251700000000000000e+04
1.800000000000000000e+01,4.501800000000000000e+04
1.900000000000000000e+01,4.751900000000000000e+04
2.000000000000000000e+01,5.002000000000000000e+04
2.100000000000000000e+01,5.252100000000000000e+04
2.200000000000000000e+01,5.502200000000000000e+04
2.300000000000000000e+01,5.752300000000000000e+04
2.400000000000000000e+01,6.002400000000000000e+04
2.500000000000000000e+01,6.252500000000000000e+04
2.600000000000000000e+01,6.502600000000000000e+04
2.700000000000000000e+01,6.752700000000000000e+04
2.800000000000000000e+01,7.002800000000000000e+04
2.900000000000000000e+01,7.252900000000000000e+04
3.000000000000000000e+01,7.503000000000000000e+04
3.100000000000000000e+01,7.753100000000000000e+04
3.200000000000000000e+01,8.003200000000000000e+04
3.300000000000000000e+01,8.253300000000000000e+04
3.400000000000000000e+01,8.503400000000000000e+04
3.500000000000000000e+01,8.753500000000000000e+04
3.600000000000000000e+01,9.003600000000000000e+04
3.700000000000000000e+01,9.253700000000000000e+04
3.800000000000000000e+01,9.503800000000000000e+04
3.900000000000000000e+01,9.753900000000000000e+04
4.000000000000000000e+01,1.000400000000000000e+05
4.100000000000000000e+01,1.025410000000000000e+05
4.200000000000000000e+01,1.050420000000000000e+05
4.300000000000000000e+01,1.075430000000000000e+05
4.400000000000000000e+01,1.100440000000000000e+05
4.500000000000000000e+01,1.125450000000000000e+05
4.600000000000000000e+01,1.150460000000000000e+05
4.700000000000000000e+01,1.175470000000000000e+05
4.800000000000000000e+01,1.200480000000000000e+05
4.900000000000000000e+01,1.225490000000000000e+05
5.000000000000000000e+01,1.250500000000000000e+05
5.100000000000000000e+01,1.275510000000000000e+05
5.200000000000000000e+01,1.300520000000000000e+05
5.300000000000000000e+01,1.325530000000000000e+05
5.400000000000000000e+01,1.350540000000000000e+05
5.500000000000000000e+01,1.375550000000000000e+05
5.600000000000000000e+01,1.400560000000000000e+05
5.700000000000000000e+01,1.425570000000000000e+05
5.800000000000000000e+01,1.450580000000000000e+05
5.900000000000000000e+01,1.475590000000000000e+05
6.000000000000000000e+01,1.500600000000000000e+05
6.100000000000000000e+01,1.525610000000000000e+05
6.200000000000000000e+01,1.550620000000000000e+05
6.300000000000000000e+01,1.575630000000000000e+05
6.400000000000000000e+01,1.600640000000000000e+05
6.500000000000000000e+01,1.625650000000000000e+05
6.600000000000000000e+01,1.650660000000000000e+05
6.700000000000000000e+01,1.675670000000000000e+05
6.800000000000000000e+01,1.700680000000000000e+05
6.900000000000000000e+01,1.725690000000000000e+05
7.000000000000000000e+01,1.750700000000000000e+05
7.100000000000000000e+01,1.775710000000000000e+05
7.200000000000000000e+01,1.800720000000000000e+05
7.300000000000000000e+01,1.825730000000000000e+05
7.400000000000000000e+01,1.850740000000000000e+05
7.500000000000000000e+01,1.875750000000000000e+05
7.600000000000000000e+01,1.900760000000000000e+05
7.700000000000000000e+01,1.925770000000000000e+05
7.800000000000000000e+01,1.950780000000000000e+05
7.900000000000000000e+01,1.975790000000000000e+05
8.000000000000000000e+01,2.000800000000000000e+05
8.100000000000000000e+01,2.025810000000000000e+05
8.200000000000000000e+01,2.050820000000000000e+05
8.300000000000000000e+01,2.075830000000000000e+05
8.400000000000000000e+01,2.100840000000000000e+05
8.500000000000000000e+01,2.125850000000000000e+05
8.600000000000000000e+01,2.150860000000000000e+05
8.700000000000000000e+01,2.175870000000000000e+05
8.800000000000000000e+01,2.200880000000000000e+05
8.900000000000000000e+01,2.225890000000000000e+05
9.000000000000000000e+01,2.250900000000000000e+05
9.100000000000000000e+01,2.275910000000000000e+05
9.200000000000000000e+01,2.300920000000000000e+05
9.300000000000000000e+01,2.325930000000000000e+05
9.400000000000000000e+01,2.350940000000000000e+05
9.500000000000000000e+01,2.375950000000000000e+05
9.600000000000000000e+01,2.400960000000000000e+05
9.700000000000000000e+01,2.425970000000000000e+05
9.800000000000000000e+01,2.450980000000000000e+05
9.900000000000000000e+01,2.475990000000000000e+05
1.000000000000000000e+02,2.501000000000000000e+05
1.010000000000000000e+02,2.526010000000000000e+05
1.020000000000000000e+02,2.551020000000000000e+05
1.030000000000000000e+02,2.576030000000000000e+05
1.040000000000000000e+02,2.601040000000000000e+05
1.050000000000000000e+02,2.626050000000000000e+05
1.060000000000000000e+02,2.651060000000000000e+05
1.070000000000000000e+02,2.676070000000000000e+05
1.080000000000000000e+02,2.701080000000000000e+05
1.090000000000000000e+02,2.726090000000000000e+05
1.100000000000000000e+02,2.751100000000000000e+05
1.110000000000000000e+02,2.776110000000000000e+05
1.120000000000000000e+02,2.801120000000000000e+05
1.130000000000000000e+02,2.826130000000000000e+05
1.140000000000000000e+02,2.851140000000000000e+05
1.150000000000000000e+02,2.876150000000000000e+05
1.160000000000000000e+02,2.901160000000000000e+05
1.170000000000000000e+02,2.926170000000000000e+05
1.180000000000000000e+02,2.951180000000000000e+05
1.190000000000000000e+02,2.976190000000000000e+05
1.200000000000000000e+02,3.001200000000000000e+05
1.210000000000000000e+02,3.026210000000000000e+05
1.220000000000000000e+02,3.051220000000000000e+05
1.230000000000000000e+02,3.076230000000000000e+05
1.240000000000000000e+02,3.101240000000000000e+05
1.250000000000000000e+02,3.126250000000000000e+05
1.260000000000000000e+02,3.151260000000000000e+05
1.270000000000000000e+02,3.176270000000000000e+05
1.280000000000000000e+02,3.201280000000000000e+05
1.290000000000000000e+02,3.226290000000000000e+05
1.300000000000000000e+02,3.251300000000000000e+05
1.310000000000000000e+02,3.276310000000000000e+05
1.320000000000000000e+02,3.301320000000000000e+05
1.330000000000000000e+02,3.326330000000000000e+05
1.340000000000000000e+02,3.351340000000000000e+05
1.350000000000000000e+02,3.376350000000000000e+05
1.360000000000000000e+02,3.401360000000000000e+05
1.370000000000000000e+02,3.426370000000000000e+05
1.380000000000000000e+02,3.451380000000000000e+05
1.390000000000000000e+02,3.476390000000000000e+05
1.400000000000000000e+02,3.501400000000000000e+05
1.410000000000000000e+02,3.526410000000000000e+05
1.420000000000000000e+02,3.551420000000000000e+05
1.430000000000000000e+02,3.576430000000000000e+05
1.440000000000000000e+02,3.601440000000000000e+05
1.450000000000000000e+02,3.626450000000000000e+05
1.460000000000000000e+02,3.651460000000000000e+05
1.470000000000000000e+02,3.676470000000000000e+05
1.480000000000000000e+02,3.701480000000000000e+05
1.490000000000000000e+02,3.726490000000000000e+05
1.500000000000000000e+02,3.751500000000000000e+05
1.510000000000000000e+02,3.776510000000000000e+05
1.520000000000000000e+02,3.801520000000000000e+05
1.530000000000000000e+02,3.826530000000000000e+05
1.540000000000000000e+02,3.851540000000000000e+05
1.550000000000000000e+02,3.876550000000000000e+05
1.560000000000000000e+02,3.901560000000000000e+05
1.570000000000000000e+02,3.926570000000000000e+05
1.580000000000000000e+02,3.951580000000000000e+05
1.590000000000000000e+02,3.976590000000000000e+05
1.600000000000000000e+02,4.001600000000000000e+05
1.610000000000000000e+02,4.026610000000000000e+05
1.620000000000000000e+02,4.051620000000000000e+05
1.630000000000000000e+02,4.076630000000000000e+05
1.640000000000000000e+02,4.101640000000000000e+05
1.650000000000000000e+02,4.126650000000000000e+05
1.660000000000000000e+02,4.151660000000000000e+05
1.670000000000000000e+02,4.176670000000000000e+05
1.680000000000000000e+02,4.201680000000000000e+05
1.690000000000000000e+02,4.226690000000000000e+05
1.700000000000000000e+02,4.251700000000000000e+05
1.710000000000000000e+02,4.276710000000000000e+05
1.720000000000000000e+02,4.301720000000000000e+05
1.730000000000000000e+02,4.326730000000000000e+05
1.740000000000000000e+02,4.351740000000000000e+05
1.750000000000000000e+02,4.376750000000000000e+05
1.760000000000000000e+02,4.401760000000000000e+05
1.770000000000000000e+02,4.426770000000000000e+05
1.780000000000000000e+02,4.451780000000000000e+05
1.790000000000000000e+02,4.476790000000000000e+05
1.800000000000000000e+02,4.501800000000000000e+05
1.810000000000000000e+02,4.526810000000000000e+05
1.820000000000000000e+02,4.551820000000000000e+05
1.830000000000000000e+02,4.576830000000000000e+05
1.840000000000000000e+02,4.601840000000000000e+05
1.850000000000000000e+02,4.626850000000000000e+05
1.860000000000000000e+02,4.651860000000000000e+05
1.870000000000000000e+02,4.676870000000000000e+05
1.880000000000000000e+02,4.701880000000000000e+05
1.890000000000000000e+02,4.726890000000000000e+05
1.900000000000000000e+02,4.751900000000000000e+05
1.910000000000000000e+02,4.776910000000000000e+05
1.920000000000000000e+02,4.801920000000000000e+05
1.930000000000000000e+02,4.826930000000000000e+05
1.940000000000000000e+02,4.851940000000000000e+05
1.950000000000000000e+02,4.876950000000000000e+05
1.960000000000000000e+02,4.901960000000000000e+05
1.970000000000000000e+02,4.926970000000000000e+05
1.980000000000000000e+02,4.951980000000000000e+05
1.990000000000000000e+02,4.976990000000000000e+05
2.000000000000000000e+02,5.002000000000000000e+05
2.010000000000000000e+02,5.027010000000000000e+05
2.020000000000000000e+02,5.052020000000000000e+05
2.030000000000000000e+02,5.077030000000000000e+05
2.040000000000000000e+02,5.102040000000000000e+05
2.050000000000000000e+02,5.127050000000000000e+05
2.060000000000000000e+02,5.152060000000000000e+05
2.070000000000000000e+02,5.177070000000000000e+05
2.080000000000000000e+02,5.202080000000000000e+05
2.090000000000000000e+02,5.227090000000000000e+05
2.100000000000000000e+02,5.252100000000000000e+05
2.110000000000000000e+02,5.277110000000000000e+05
2.120000000000000000e+02,5.302120000000000000e+05
2.130000000000000000e+02,5.327130000000000000e+05
2.140000000000000000e+02,5.352140000000000000e+05
2.150000000000000000e+02,5.377150000000000000e+05
2.160000000000000000e+02,5.402160000000000000e+05
2.170000000000000000e+02,5.427170000000000000e+05
2.180000000000000000e+02,5.452180000000000000e+05
2.190000000000000000e+02,5.477190000000000000e+05
2.200000000000000000e+02,5.502200000000000000e+05
2.210000000000000000e+02,5.527210000000000000e+05
2.220000000000000000e+02,5.552220000000000000e+05
2.230000000000000000e+02,5.577230000000000000e+05
2.240000000000000000e+02,5.602240000000000000e+05
2.250000000000000000e+02,5.627250000000000000e+05
2.260000000000000000e+02,5.652260000000000000e+05
2.270000000000000000e+02,5.677270000000000000e+05
2.280000000000000000e+02,5.702280000000000000e+05
2.290000000000000000e+02,5.727290000000000000e+05
2.300000000000000000e+02,5.752300000000000000e+05
2.310000000000000000e+02,5.777310000000000000e+05
2.320000000000000000e+02,5.802320000000000000e+05
2.330000000000000000e+02,5.827330000000000000e+05
2.340000000000000000e+02,5.852340000000000000e+05
2.350000000000000000e+02,5.877350000000000000e+05
2.360000000000000000e+02,5.902360000000000000e+05
2.370000000000000000e+02,5.927370000000000000e+05
2.380000000000000000e+02,5.952380000000000000e+05
2.390000000000000000e+02,5.977390000000000000e+05
2.400000000000000000e+02,6.002400000000000000e+05
2.410000000000000000e+02,6.027410000000000000e+05
2.420000000000000000e+02,6.052420000000000000e+05
2.430000000000000000e+02,6.077430000000000000e+05
2.440000000000000000e+02,6.102440000000000000e+05
2.450000000000000000e+02,6.127450000000000000e+05
2.460000000000000000e+02,6.152460000000000000e+05
2.470000000000000000e+02,6.177470000000000000e+05
2.480000000000000000e+02,6.202480000000000000e+05
2.490000000000000000e+02,6.227490000000000000e+05
2.500000000000000000e+02,6.252500000000000000e+05
2.510000000000000000e+02,6.277510000000000000e+05
2.520000000000000000e+02,6.302520000000000000e+05
2.530000000000000000e+02,6.327530000000000000e+05
2.540000000000000000e+02,6.352540000000000000e+05
2.550000000000000000e+02,6.377550000000000000e+05
2.560000000000000000e+02,6.402560000000000000e+05
2.570000000000000000e+02,6.427570000000000000e+05
2.580000000000000000e+02,6.452580000000000000e+05
2.590000000000000000e+02,6.477590000000000000e+05
2.600000000000000000e+02,6.502600000000000000e+05
2.610000000000000000e+02,6.527610000000000000e+05
2.620000000000000000e+02,6.552620000000000000e+05
2.630000000000000000e+02,6.577630000000000000e+05
2.640000000000000000e+02,6.602640000000000000e+05
2.650000000000000000e+02,6.627650000000000000e+05
2.660000000000000000e+02,6.652660000000000000e+05
2.670000000000000000e+02,6.677670000000000000e+05
2.680000000000000000e+02,6.702680000000000000e+05
2.690000000000000000e+02,6.727690000000000000e+05
2.700000000000000000e+02,6.752700000000000000e+05
2.710000000000000000e+02,6.777710000000000000e+05
2.720000000000000000e+02,6.802720000000000000e+05
2.730000000000000000e+02,6.827730000000000000e+05
2.740000000000000000e+02,6.852740000000000000e+05
2.750000000000000000e+02,6.877750000000000000e+05
2.760000000000000000e+02,6.902760000000000000e+05
2.770000000000000000e+02,6.927770000000000000e+05
2.780000000000000000e+02,6.952780000000000000e+05
2.790000000000000000e+02,6.977790000000000000e+05
2.800000000000000000e+02,7.002800000000000000e+05
2.810000000000000000e+02,7.027810000000000000e+05
2.820000000000000000e+02,7.052820000000000000e+05
2.830000000000000000e+02,7.077830000000000000e+05
2.840000000000000000e+02,7.102840000000000000e+05
2.850000000000000000e+02,7.127850000000000000e+05
2.860000000000000000e+02,7.152860000000000000e+05
2.870000000000000000e+02,7.177870000000000000e+05
2.880000000000000000e+02,7.202880000000000000e+05
2.890000000000000000e+02,7.227890000000000000e+05
2.900000000000000000e+02,7.252900000000000000e+05
2.910000000000000000e+02,7.277910000000000000e+05
2.920000000000000000e+02,7.302920000000000000e+05
2.930000000000000000e+02,7.327930000000000000e+05
2.940000000000000000e+02,7.352940000000000000e+05
2.950000000000000000e+02,7.377950000000000000e+05
2.960000000000000000e+02,7.402960000000000000e+05
2.970000000000000000e+02,7.427970000000000000e+05
2.980000000000000000e+02,7.452980000000000000e+05
2.990000000000000000e+02,7.477990000000000000e+05
3.000000000000000000e+02,7.503000000000000000e+05
3.010000000000000000e+02,7.528010000000000000e+05
3.020000000000000000e+02,7.553020000000000000e+05
3.030000000000000000e+02,7.578030000000000000e+05
3.040000000000000000e+02,7.603040000000000000e+05
3.050000000000000000e+02,7.628050000000000000e+05
3.060000000000000000e+02,7.653060000000000000e+05
3.070000000000000000e+02,7.678070000000000000e+05
3.080000000000000000e+02,7.703080000000000000e+05
3.090000000000000000e+02,7.728090000000000000e+05
3.100000000000000000e+02,7.753100000000000000e+05
3.110000000000000000e+02,7.778110000000000000e+05
3.120000000000000000e+02,7.803120000000000000e+05
3.130000000000000000e+02,7.828130000000000000e+05
3.140000000000000000e+02,7.853140000000000000e+05
3.150000000000000000e+02,7.878150000000000000e+05
3.160000000000000000e+02,7.903160000000000000e+05
3.170000000000000000e+02,7.928170000000000000e+05
3.180000000000000000e+02,7.953180000000000000e+05
3.190000000000000000e+02,7.978190000000000000e+05
3.200000000000000000e+02,8.003200000000000000e+05
3.210000000000000000e+02,8.028210000000000000e+05
3.220000000000000000e+02,8.053220000000000000e+05
3.230000000000000000e+02,8.078230000000000000e+05
3.240000000000000000e+02,8.103240000000000000e+05
3.250000000000000000e+02,8.128250000000000000e+05
3.260000000000000000e+02,8.153260000000000000e+05
3.270000000000000000e+02,8.178270000000000000e+05
3.280000000000000000e+02,8.203280000000000000e+05
3.290000000000000000e+02,8.228290000000000000e+05
3.300000000000000000e+02,8.253300000000000000e+05
3.310000000000000000e+02,8.278310000000000000e+05
3.320000000000000000e+02,8.303320000000000000e+05
3.330000000000000000e+02,8.328330000000000000e+05
3.340000000000000000e+02,8.353340000000000000e+05
3.350000000000000000e+02,8.378350000000000000e+05
3.360000000000000000e+02,8.403360000000000000e+05
3.370000000000000000e+02,8.428370000000000000e+05
3.380000000000000000e+02,8.453380000000000000e+05
3.390000000000000000e+02,8.478390000000000000e+05
3.400000000000000000e+02,8.503400000000000000e+05
3.410000000000000000e+02,8.528410000000000000e+05
3.420000000000000000e+02,8.553420000000000000e+05
3.430000000000000000e+02,8.578430000000000000e+05
3.440000000000000000e+02,8.603440000000000000e+05
3.450000000000000000e+02,8.628450000000000000e+05
3.460000000000000000e+02,8.653460000000000000e+05
3.470000000000000000e+02,8.678470000000000000e+05
3.480000000000000000e+02,8.703480000000000000e+05
3.490000000000000000e+02,8.728490000000000000e+05
3.500000000000000000e+02,8.753500000000000000e+05
3.510000000000000000e+02,8.778510000000000000e+05
3.520000000000000000e+02,8.803520000000000000e+05
3.530000000000000000e+02,8.828530000000000000e+05
3.540000000000000000e+02,8.853540000000000000e+05
3.550000000000000000e+02,8.878550000000000000e+05
3.560000000000000000e+02,8.903560000000000000e+05
3.570000000000000000e+02,8.928570000000000000e+05
3.580000000000000000e+02,8.953580000000000000e+05
3.590000000000000000e+02,8.978590000000000000e+05
3.600000000000000000e+02,9.003600000000000000e+05
3.610000000000000000e+02,9.028610000000000000e+05
3.620000000000000000e+02,9.053620000000000000e+05
3.630000000000000000e+02,9.078630000000000000e+05
3.640000000000000000e+02,9.103640000000000000e+05
3.650000000000000000e+02,9.128650000000000000e+05
3.660000000000000000e+02,9.153660000000000000e+05
3.670000000000000000e+02,9.178670000000000000e+05
3.680000000000000000e+02,9.203680000000000000e+05
3.690000000000000000e+02,9.228690000000000000e+05
3.700000000000000000e+02,9.253700000000000000e+05
3.710000000000000000e+02,9.278710000000000000e+05
3.720000000000000000e+02,9.303720000000000000e+05
3.730000000000000000e+02,9.328730000000000000e+05
3.740000000000000000e+02,9.353740000000000000e+05
3.750000000000000000e+02,9.378750000000000000e+05
3.760000000000000000e+02,9.403760000000000000e+05
3.770000000000000000e+02,9.428770000000000000e+05
3.780000000000000000e+02,9.453780000000000000e+05
3.790000000000000000e+02,9.478790000000000000e+05
3.800000000000000000e+02,9.503800000000000000e+05
3.810000000000000000e+02,9.528810000000000000e+05
3.820000000000000000e+02,9.553820000000000000e+05
3.830000000000000000e+02,9.578830000000000000e+05
3.840000000000000000e+02,9.603840000000000000e+05
3.850000000000000000e+02,9.628850000000000000e+05
3.860000000000000000e+02,9.653860000000000000e+05
3.870000000000000000e+02,9.678870000000000000e+05
3.880000000000000000e+02,9.703880000000000000e+05
3.890000000000000000e+02,9.728890000000000000e+05
3.900000000000000000e+02,9.753900000000000000e+05
3.910000000000000000e+02,9.778910000000000000e+05
3.920000000000000000e+02,9.803920000000000000e+05
3.930000000000000000e+02,9.828930000000000000e+05
3.940000000000000000e+02,9.853940000000000000e+05
3.950000000000000000e+02,9.878950000000000000e+05
3.960000000000000000e+02,9.903960000000000000e+05
3.970000000000000000e+02,9.928970000000000000e+05
3.980000000000000000e+02,9.953980000000000000e+05
3.990000000000000000e+02,9.978990000000000000e+05
4.000000000000000000e+02,1.000400000000000000e+06
